| niter |f evals|CG iter|  obj func   |tr radius |   opt    |  c viol  | penalty  |barrier param|CG stop|
|-------|-------|-------|-------------|----------|----------|----------|----------|-------------|-------|
|   1   |  12   |   0   | +6.9280e-01 | 1.00e+00 | 2.61e-01 | 0.00e+00 | 1.00e+00 |  1.00e-03   |   0   |
|   2   |  24   |   1   | +6.2315e-01 | 3.38e+00 | 3.50e-01 | 0.00e+00 | 1.00e+00 |  1.00e-03   |   4   |
|   3   |  36   |   2   | +5.1850e-01 | 3.38e+00 | 4.30e-01 | 0.00e+00 | 1.00e+00 |  1.00e-03   |   4   |
|   4   |  48   |   3   | +3.8641e-01 | 3.38e+00 | 4.65e-01 | 0.00e+00 | 1.00e+00 |  1.00e-03   |   4   |
|   5   |  60   |   5   | +2.5539e-01 | 3.38e+00 | 4.19e-01 | 0.00e+00 | 1.00e+00 |  1.00e-03   |   4   |
|   6   |  84   |   8   | +2.5539e-01 | 8.97e-01 | 4.19e-01 | 0.00e+00 | 1.00e+00 |  1.00e-03   |   4   |
|   7   |  108  |  10   | +1.3767e-01 | 1.79e+00 | 2.47e-01 | 0.00e+00 | 1.00e+00 |  1.00e-03   |   2   |
/opt/miniconda3/envs/miscenv/lib/python3.12/site-packages/scipy/optimize/_differentiable_functions.py:551: UserWarning: delta_grad == 0.0. Check if the approximated function is linear. If the function is linear better results can be obtained by defining the Hessian as zero instead of using quasi-Newton approximations.
  self.H.update(delta_x, delta_g)
|   8   |  132  |  14   | +1.3767e-01 | 1.79e-01 | 2.47e-01 | 0.00e+00 | 1.00e+00 |  1.00e-03   |   4   |
|   9   |  144  |  16   | +8.6998e-02 | 3.59e-01 | 1.57e-01 | 0.00e+00 | 1.00e+00 |  1.00e-03   |   2   |
|  10   |  168  |  20   | +8.6998e-02 | 5.03e-02 | 1.57e-01 | 0.00e+00 | 1.00e+00 |  1.00e-03   |   4   |
|  11   |  180  |  21   | +7.5436e-02 | 3.52e-01 | 1.27e-01 | 0.00e+00 | 1.00e+00 |  1.00e-03   |   2   |
|  12   |  204  |  26   | +7.5436e-02 | 3.52e-02 | 1.27e-01 | 0.00e+00 | 1.00e+00 |  1.00e-03   |   4   |
|  13   |  216  |  27   | +6.9034e-02 | 2.47e-01 | 1.14e-01 | 0.00e+00 | 1.00e+00 |  1.00e-03   |   2   |
|  14   |  240  |  30   | +6.9034e-02 | 5.64e-02 | 1.14e-01 | 0.00e+00 | 1.00e+00 |  1.00e-03   |   2   |
|  15   |  252  |  31   | +6.0081e-02 | 3.95e-01 | 9.64e-02 | 0.00e+00 | 1.00e+00 |  1.00e-03   |   2   |
|  16   |  276  |  33   | +6.0081e-02 | 1.37e-01 | 9.64e-02 | 0.00e+00 | 1.00e+00 |  1.00e-03   |   2   |
|  17   |  288  |  34   | +4.3051e-02 | 9.58e-01 | 6.79e-02 | 0.00e+00 | 1.00e+00 |  1.00e-03   |   2   |
|  18   |  312  |  39   | +4.3051e-02 | 9.58e-02 | 6.79e-02 | 0.00e+00 | 1.00e+00 |  1.00e-03   |   4   |
|  19   |  324  |  40   | +3.3012e-02 | 9.58e-02 | 5.67e-02 | 0.00e+00 | 1.00e+00 |  1.00e-03   |   2   |
|  20   |  336  |  41   | +2.5384e-02 | 6.70e-01 | 1.01e-01 | 0.00e+00 | 1.00e+00 |  1.00e-03   |   2   |
|  21   |  360  |  45   | +2.5384e-02 | 1.15e-01 | 1.01e-01 | 0.00e+00 | 1.00e+00 |  1.00e-03   |   4   |
|  22   |  372  |  47   | +1.7505e-02 | 8.04e-01 | 6.64e-02 | 0.00e+00 | 1.00e+00 |  1.00e-03   |   2   |
|  23   |  396  |  52   | +1.7505e-02 | 1.00e-01 | 6.64e-02 | 0.00e+00 | 1.00e+00 |  1.00e-03   |   4   |
|  24   |  408  |  54   | +1.1368e-02 | 7.02e-01 | 3.68e-02 | 0.00e+00 | 1.00e+00 |  1.00e-03   |   2   |
|  25   |  432  |  59   | +1.1368e-02 | 7.02e-02 | 3.68e-02 | 0.00e+00 | 1.00e+00 |  1.00e-03   |   4   |
|  26   |  444  |  61   | +8.1983e-03 | 4.92e-01 | 3.44e-02 | 0.00e+00 | 1.00e+00 |  1.00e-03   |   2   |
|  27   |  468  |  66   | +8.1983e-03 | 4.92e-02 | 3.44e-02 | 0.00e+00 | 1.00e+00 |  1.00e-03   |   4   |
|  28   |  480  |  68   | +6.1904e-03 | 3.44e-01 | 2.16e-02 | 0.00e+00 | 1.00e+00 |  1.00e-03   |   2   |
|  29   |  504  |  74   | +6.1904e-03 | 3.44e-02 | 2.16e-02 | 0.00e+00 | 1.00e+00 |  1.00e-03   |   4   |
|  30   |  516  |  76   | +5.1654e-03 | 2.41e-01 | 2.90e-02 | 0.00e+00 | 1.00e+00 |  1.00e-03   |   2   |
|  31   |  528  |  80   | +6.5904e-04 | 1.69e+00 | 7.17e-03 | 0.00e+00 | 1.00e+00 |  1.00e-03   |   2   |
|  32   |  552  |  85   | +6.5904e-04 | 1.69e-01 | 7.17e-03 | 0.00e+00 | 1.00e+00 |  1.00e-03   |   4   |
|  33   |  576  |  91   | +6.5904e-04 | 1.69e-02 | 7.17e-03 | 0.00e+00 | 1.00e+00 |  1.00e-03   |   4   |
|  34   |  600  |  94   | +6.5904e-04 | 1.69e-03 | 7.17e-03 | 0.00e+00 | 1.00e+00 |  1.00e-03   |   2   |
|  35   |  624  |  95   | +6.4094e-04 | 3.37e-03 | 6.28e-03 | 0.00e+00 | 1.00e+00 |  1.00e-03   |   2   |
|  36   |  636  |  96   | +6.0473e-04 | 2.36e-02 | 5.75e-03 | 0.00e+00 | 1.00e+00 |  1.00e-03   |   2   |
|  37   |  648  |  97   | +4.6351e-04 | 1.65e-01 | 8.16e-03 | 0.00e+00 | 1.00e+00 |  1.00e-03   |   2   |
|  38   |  660  |  102  | +2.4352e-04 | 3.39e-01 | 6.09e-03 | 0.00e+00 | 1.00e+00 |  1.00e-03   |   4   |
|  39   |  672  |  104  | +2.0824e-04 | 3.39e-01 | 2.22e-03 | 0.00e+00 | 1.00e+00 |  1.00e-03   |   4   |
|  40   |  684  |  110  | +1.3041e-04 | 3.39e-01 | 1.82e-03 | 0.00e+00 | 1.00e+00 |  1.00e-03   |   4   |
|  41   |  696  |  116  | +8.9900e-05 | 3.39e-01 | 1.85e-03 | 0.00e+00 | 1.00e+00 |  1.00e-03   |   4   |
|  42   |  708  |  121  | +7.8472e-05 | 3.39e-01 | 1.15e-03 | 0.00e+00 | 1.00e+00 |  1.00e-03   |   4   |
|  43   |  720  |  128  | +6.7566e-05 | 3.39e-01 | 8.53e-04 | 0.00e+00 | 1.00e+00 |  1.00e-03   |   4   |
|  44   |  720  |  128  | +6.7566e-05 | 1.69e+00 | 8.74e-04 | 0.00e+00 | 1.00e+00 |  2.00e-04   |   0   |
|  45   |  732  |  135  | +6.0858e-05 | 1.69e+00 | 1.07e-03 | 0.00e+00 | 1.00e+00 |  2.00e-04   |   4   |
|  46   |  744  |  139  | +5.8687e-05 | 1.69e+00 | 6.51e-04 | 0.00e+00 | 1.00e+00 |  2.00e-04   |   4   |
|  47   |  756  |  146  | +5.1746e-05 | 1.69e+00 | 1.85e-03 | 0.00e+00 | 1.00e+00 |  2.00e-04   |   4   |
|  48   |  768  |  148  | +5.0464e-05 | 1.69e+00 | 1.07e-03 | 0.00e+00 | 1.00e+00 |  2.00e-04   |   4   |
|  49   |  780  |  156  | +4.0292e-05 | 1.69e+00 | 5.04e-04 | 0.00e+00 | 1.00e+00 |  2.00e-04   |   4   |
|  50   |  792  |  164  | +3.6526e-05 | 1.69e+00 | 1.38e-03 | 0.00e+00 | 1.00e+00 |  2.00e-04   |   4   |
|  51   |  804  |  165  | +3.6126e-05 | 1.69e+00 | 5.55e-04 | 0.00e+00 | 1.00e+00 |  2.00e-04   |   4   |
|  52   |  816  |  167  | +3.5614e-05 | 1.69e+00 | 4.83e-04 | 0.00e+00 | 1.00e+00 |  2.00e-04   |   4   |
|  53   |  828  |  171  | +3.4358e-05 | 1.69e+00 | 8.83e-04 | 0.00e+00 | 1.00e+00 |  2.00e-04   |   4   |
|  54   |  840  |  172  | +3.4087e-05 | 1.69e+00 | 4.95e-04 | 0.00e+00 | 1.00e+00 |  2.00e-04   |   4   |
|  55   |  852  |  177  | +3.0225e-05 | 1.69e+00 | 7.16e-04 | 0.00e+00 | 1.00e+00 |  2.00e-04   |   4   |
|  56   |  864  |  185  | +2.1392e-05 | 1.69e+00 | 1.78e-03 | 0.00e+00 | 1.00e+00 |  2.00e-04   |   4   |
|  57   |  876  |  188  | +1.9734e-05 | 1.69e+00 | 1.11e-03 | 0.00e+00 | 1.00e+00 |  2.00e-04   |   4   |
|  58   |  888  |  196  | +1.0004e-05 | 1.69e+00 | 1.00e-03 | 0.00e+00 | 1.00e+00 |  2.00e-04   |   4   |
|  59   |  900  |  198  | +9.3888e-06 | 1.69e+00 | 3.52e-04 | 0.00e+00 | 1.00e+00 |  2.00e-04   |   4   |
|  60   |  912  |  205  | +3.1574e-06 | 1.69e+00 | 3.24e-04 | 0.00e+00 | 1.00e+00 |  2.00e-04   |   4   |
|  61   |  924  |  214  | +1.0348e-06 | 1.69e+00 | 6.75e-04 | 0.00e+00 | 1.00e+00 |  2.00e-04   |   4   |
|  62   |  936  |  215  | +9.3855e-07 | 1.69e+00 | 1.15e-04 | 0.00e+00 | 1.00e+00 |  2.00e-04   |   4   |
|  63   |  936  |  215  | +9.3855e-07 | 8.46e+00 | 1.15e-04 | 0.00e+00 | 1.00e+00 |  4.00e-05   |   0   |
|  64   |  948  |  220  | +8.9960e-07 | 8.46e+00 | 5.12e-05 | 0.00e+00 | 1.00e+00 |  4.00e-05   |   4   |
|  65   |  960  |  231  | +3.3264e-07 | 8.46e+00 | 1.40e-04 | 0.00e+00 | 1.00e+00 |  4.00e-05   |   1   |
|  66   |  972  |  232  | +3.2860e-07 | 8.46e+00 | 3.65e-05 | 0.00e+00 | 1.00e+00 |  4.00e-05   |   4   |
|  67   |  972  |  232  | +3.2860e-07 | 4.23e+01 | 3.57e-05 | 0.00e+00 | 1.00e+00 |  8.00e-06   |   0   |
|  68   |  984  |  243  | +1.2806e-07 | 4.23e+01 | 9.78e-05 | 0.00e+00 | 1.00e+00 |  8.00e-06   |   1   |
|  69   |  996  |  244  | +1.2605e-07 | 4.23e+01 | 1.76e-05 | 0.00e+00 | 1.00e+00 |  8.00e-06   |   4   |
|  70   | 1008  |  255  | +5.4957e-08 | 4.23e+01 | 9.86e-05 | 0.00e+00 | 1.00e+00 |  8.00e-06   |   1   |
|  71   | 1020  |  256  | +5.3043e-08 | 4.23e+01 | 1.30e-05 | 0.00e+00 | 1.00e+00 |  8.00e-06   |   4   |
|  72   | 1032  |  260  | +5.2779e-08 | 4.23e+01 | 5.20e-06 | 0.00e+00 | 1.00e+00 |  8.00e-06   |   4   |
|  73   | 1032  |  260  | +5.2779e-08 | 2.12e+02 | 5.59e-06 | 0.00e+00 | 1.00e+00 |  1.60e-06   |   0   |
|  74   | 1044  |  271  | +3.0869e-08 | 2.12e+02 | 3.95e-05 | 0.00e+00 | 1.00e+00 |  1.60e-06   |   1   |
|  75   | 1056  |  272  | +3.0540e-08 | 2.12e+02 | 6.68e-06 | 0.00e+00 | 1.00e+00 |  1.60e-06   |   4   |
|  76   | 1068  |  278  | +3.0255e-08 | 2.12e+02 | 3.88e-06 | 0.00e+00 | 1.00e+00 |  1.60e-06   |   4   |
|  77   | 1080  |  286  | +2.9400e-08 | 2.12e+02 | 6.74e-06 | 0.00e+00 | 1.00e+00 |  1.60e-06   |   4   |
|  78   | 1092  |  288  | +2.9309e-08 | 2.12e+02 | 6.38e-06 | 0.00e+00 | 1.00e+00 |  1.60e-06   |   4   |
|  79   | 1104  |  298  | +2.2508e-08 | 2.12e+02 | 1.70e-05 | 0.00e+00 | 1.00e+00 |  1.60e-06   |   4   |
|  80   | 1116  |  301  | +2.2154e-08 | 2.12e+02 | 7.63e-06 | 0.00e+00 | 1.00e+00 |  1.60e-06   |   4   |
|  81   | 1128  |  308  | +2.1906e-08 | 2.12e+02 | 5.10e-06 | 0.00e+00 | 1.00e+00 |  1.60e-06   |   4   |
|  82   | 1140  |  316  | +2.1243e-08 | 2.12e+02 | 1.37e-05 | 0.00e+00 | 1.00e+00 |  1.60e-06   |   4   |
|  83   | 1152  |  320  | +2.1022e-08 | 2.12e+02 | 1.07e-05 | 0.00e+00 | 1.00e+00 |  1.60e-06   |   4   |
|  84   | 1164  |  328  | +1.7768e-08 | 2.12e+02 | 1.26e-05 | 0.00e+00 | 1.00e+00 |  1.60e-06   |   4   |
|  85   | 1176  |  331  | +1.7586e-08 | 2.12e+02 | 4.67e-06 | 0.00e+00 | 1.00e+00 |  1.60e-06   |   4   |
|  86   | 1188  |  340  | +6.9032e-09 | 2.12e+02 | 2.07e-05 | 0.00e+00 | 1.00e+00 |  1.60e-06   |   4   |
|  87   | 1200  |  344  | +6.3648e-09 | 2.12e+02 | 6.06e-06 | 0.00e+00 | 1.00e+00 |  1.60e-06   |   4   |
|  88   | 1212  |  353  | +1.3232e-09 | 2.12e+02 | 1.18e-05 | 0.00e+00 | 1.00e+00 |  1.60e-06   |   4   |
|  89   | 1224  |  355  | +1.2738e-09 | 2.12e+02 | 2.35e-06 | 0.00e+00 | 1.00e+00 |  1.60e-06   |   4   |
|  90   | 1236  |  360  | +1.2552e-09 | 2.12e+02 | 6.91e-07 | 0.00e+00 | 1.00e+00 |  1.60e-06   |   4   |
|  91   | 1236  |  360  | +1.2552e-09 | 1.06e+03 | 6.32e-07 | 0.00e+00 | 1.00e+00 |  3.20e-07   |   0   |
|  92   | 1248  |  369  | +6.1096e-10 | 1.06e+03 | 1.57e-05 | 0.00e+00 | 1.00e+00 |  3.20e-07   |   4   |
|  93   | 1260  |  371  | +5.2740e-10 | 1.06e+03 | 4.18e-06 | 0.00e+00 | 1.00e+00 |  3.20e-07   |   4   |
|  94   | 1272  |  375  | +5.0824e-10 | 1.06e+03 | 8.34e-07 | 0.00e+00 | 1.00e+00 |  3.20e-07   |   4   |
|  95   | 1284  |  381  | +5.0418e-10 | 1.06e+03 | 2.09e-07 | 0.00e+00 | 1.00e+00 |  3.20e-07   |   4   |
|  96   | 1284  |  381  | +5.0418e-10 | 5.29e+03 | 1.94e-07 | 0.00e+00 | 1.00e+00 |  6.40e-08   |   0   |
|  97   | 1296  |  390  | +4.8860e-10 | 5.29e+03 | 3.92e-06 | 0.00e+00 | 1.00e+00 |  6.40e-08   |   4   |
|  98   | 1308  |  395  | +4.5863e-10 | 5.29e+03 | 1.01e-06 | 0.00e+00 | 1.00e+00 |  6.40e-08   |   4   |
|  99   | 1320  |  400  | +4.5415e-10 | 5.29e+03 | 1.30e-07 | 0.00e+00 | 1.00e+00 |  6.40e-08   |   4   |
|  100  | 1344  |  409  | +4.5415e-10 | 5.29e+02 | 1.30e-07 | 0.00e+00 | 1.00e+00 |  6.40e-08   |   4   |
|  101  | 1368  |  418  | +4.5415e-10 | 5.29e+01 | 1.30e-07 | 0.00e+00 | 1.00e+00 |  6.40e-08   |   4   |
|  102  | 1392  |  427  | +4.5415e-10 | 5.29e+00 | 1.30e-07 | 0.00e+00 | 1.00e+00 |  6.40e-08   |   4   |
|  103  | 1404  |  432  | +4.5414e-10 | 5.29e+00 | 2.26e-07 | 0.00e+00 | 1.00e+00 |  6.40e-08   |   4   |
|  104  | 1416  |  440  | +4.5405e-10 | 5.29e+00 | 1.16e-07 | 0.00e+00 | 1.00e+00 |  6.40e-08   |   4   |
|  105  | 1428  |  442  | +4.5404e-10 | 5.29e+00 | 9.54e-08 | 0.00e+00 | 1.00e+00 |  6.40e-08   |   4   |
|  106  | 1452  |  450  | +4.5404e-10 | 5.29e-01 | 9.54e-08 | 0.00e+00 | 1.00e+00 |  6.40e-08   |   4   |
|  107  | 1476  |  458  | +4.5404e-10 | 5.29e-02 | 9.54e-08 | 0.00e+00 | 1.00e+00 |  6.40e-08   |   4   |
|  108  | 1500  |  464  | +4.5404e-10 | 5.29e-03 | 9.54e-08 | 0.00e+00 | 1.00e+00 |  6.40e-08   |   4   |
|  109  | 1524  |  475  | +4.5404e-10 | 5.29e-04 | 9.54e-08 | 0.00e+00 | 1.00e+00 |  6.40e-08   |   1   |
|  110  | 1548  |  482  | +4.5404e-10 | 5.29e-05 | 9.54e-08 | 0.00e+00 | 1.00e+00 |  6.40e-08   |   4   |
|  111  | 1572  |  493  | +4.5404e-10 | 5.29e-06 | 9.54e-08 | 0.00e+00 | 1.00e+00 |  6.40e-08   |   1   |
|  112  | 1596  |  503  | +4.5404e-10 | 5.29e-07 | 9.54e-08 | 0.00e+00 | 1.00e+00 |  6.40e-08   |   2   |
|  113  | 1620  |  509  | +4.5404e-10 | 2.64e-07 | 9.54e-08 | 0.00e+00 | 1.00e+00 |  6.40e-08   |   2   |
|  114  | 1644  |  515  | +4.5404e-10 | 2.64e-07 | 9.85e-08 | 0.00e+00 | 1.00e+00 |  6.40e-08   |   2   |
|  115  | 1668  |  521  | +4.5404e-10 | 1.32e-07 | 9.85e-08 | 0.00e+00 | 1.00e+00 |  6.40e-08   |   2   |
|  116  | 1692  |  525  | +4.5404e-10 | 1.32e-07 | 7.51e-08 | 0.00e+00 | 1.00e+00 |  6.40e-08   |   4   |
|  117  | 1704  |  533  | +4.5404e-10 | 4.84e-08 | 7.51e-08 | 0.00e+00 | 1.00e+00 |  6.40e-08   |   4   |
|  118  | 1716  |  539  | +4.5404e-10 | 4.84e-08 | 7.85e-08 | 0.00e+00 | 1.00e+00 |  6.40e-08   |   2   |
|  119  | 1728  |  544  | +4.5404e-10 | 8.37e-08 | 6.12e-08 | 0.00e+00 | 1.00e+00 |  6.40e-08   |   4   |
|  120  | 1728  |  544  | +4.5404e-10 | 1.00e+00 | 6.00e-08 | 0.00e+00 | 1.00e+00 |  1.28e-08   |   0   |
|  121  | 1752  |  555  | +4.5404e-10 | 1.00e-01 | 6.00e-08 | 0.00e+00 | 1.00e+00 |  1.28e-08   |   1   |
|  122  | 1776  |  564  | +4.5404e-10 | 1.00e-02 | 6.00e-08 | 0.00e+00 | 1.00e+00 |  1.28e-08   |   4   |
|  123  | 1800  |  573  | +4.5404e-10 | 1.00e-03 | 6.00e-08 | 0.00e+00 | 1.00e+00 |  1.28e-08   |   4   |
|  124  | 1824  |  583  | +4.5404e-10 | 1.00e-04 | 6.00e-08 | 0.00e+00 | 1.00e+00 |  1.28e-08   |   4   |
|  125  | 1848  |  591  | +4.5404e-10 | 1.00e-05 | 6.00e-08 | 0.00e+00 | 1.00e+00 |  1.28e-08   |   4   |
|  126  | 1872  |  600  | +4.5404e-10 | 1.00e-06 | 6.00e-08 | 0.00e+00 | 1.00e+00 |  1.28e-08   |   4   |
|  127  | 1896  |  611  | +4.5404e-10 | 1.00e-07 | 6.00e-08 | 0.00e+00 | 1.00e+00 |  1.28e-08   |   1   |
|  128  | 1920  |  617  | +4.5404e-10 | 5.00e-08 | 6.00e-08 | 0.00e+00 | 1.00e+00 |  1.28e-08   |   2   |
|  129  | 1944  |  622  | +4.5404e-10 | 2.50e-08 | 6.00e-08 | 0.00e+00 | 1.00e+00 |  1.28e-08   |   2   |
|  130  | 1968  |  627  | +4.5404e-10 | 1.25e-08 | 6.00e-08 | 0.00e+00 | 1.00e+00 |  1.28e-08   |   2   |
|  131  | 1980  |  632  | +4.5404e-10 | 2.50e-08 | 9.58e-08 | 0.00e+00 | 1.00e+00 |  1.28e-08   |   2   |
|  132  | 2004  |  639  | +4.5404e-10 | 1.02e-08 | 9.58e-08 | 0.00e+00 | 1.00e+00 |  1.28e-08   |   2   |
|  133  | 2028  |  645  | +4.5404e-10 | 2.05e-08 | 1.53e-07 | 0.00e+00 | 1.00e+00 |  1.28e-08   |   2   |
|  134  | 2052  |  652  | +4.5404e-10 | 7.01e-09 | 1.53e-07 | 0.00e+00 | 1.00e+00 |  1.28e-08   |   2   |
|  135  | 2076  |  658  | +4.5404e-10 | 3.51e-09 | 1.53e-07 | 0.00e+00 | 1.00e+00 |  1.28e-08   |   2   |
|  136  | 2100  |  664  | +4.5404e-10 | 1.51e-09 | 1.53e-07 | 0.00e+00 | 1.00e+00 |  1.28e-08   |   2   |
|  137  | 2124  |  667  | +4.5404e-10 | 4.63e-10 | 1.53e-07 | 0.00e+00 | 1.00e+00 |  1.28e-08   |   2   |
|  138  | 2148  |  669  | +4.5404e-10 | 1.23e-10 | 1.53e-07 | 0.00e+00 | 1.00e+00 |  1.28e-08   |   2   |
|  139  | 2172  |  671  | +4.5404e-10 | 4.56e-11 | 1.53e-07 | 0.00e+00 | 1.00e+00 |  1.28e-08   |   2   |

`xtol` termination condition is satisfied.
Number of iterations: 139, function evaluations: 2172, CG iterations: 671, optimality: 1.53e-07, constraint violation: 0.00e+00, execution time: 7.5e+01 s.